image:  mymap_empty.pgm
resolution: 1.333
origin: [-2000.000000, -2000.000000, 0.000000]
negate: 0
occupied_thresh: 0.65
free_thresh: 0.196

#image size is 1504 x 1504 pixels setting 0.666 to have a 2 km x 2 km map.